1.1955 -0.0073477
-0.73388 4.0664
-0.44996 -5.5897
1.2254 -5.7372
-1.6862 3.8812
0.24652 7.3084
-0.055992 -1.679
0.096576 4.4752
1.0419 -3.2864
0.077054 -3.3604
-1.9111 -3.7951
-0.057894 -2.6983
-0.11645 3.2063
-1.1033 1.8744
0.67048 -0.96257
-1.8828 4.2632
0.35331 1.1062
0.51362 -0.51677
-0.048725 3.7935
1.0816 -2.0292
0.76868 2.5298
1.2181 -3.7205
-1.1778 -0.70296
0.68544 0.32178
0.44991 -1.0944
1.3597 -2.4475
-1.1693 2.1763
0.87273 0.17143
-2.5323 -5.3232
0.75546 -5.3696
-0.66257 2.628
1.4642 1.8614
-0.81009 -0.46913
-0.17659 1.8129
-0.015288 -3.9654
0.63397 -1.9708
1.0873 1.4402
0.3799 1.2332
-0.024131 7.4583
0.6894 1.7579
-0.3316 1.7656
-0.16322 0.55175
-0.82072 -3.2127
1.1104 -4.9182
-1.4303 -1.673
-1.4321 -2.839
0.2626 -1.2118
1.7609 -2.715
-0.39361 -4.3663
1.0481 -1.3436
0.53528 -2.8211
0.50797 -0.015941
-0.27679 -0.64598
-1.4537 -3.6088
1.8314 0.65886
-2.1694 -4.0594
0.17345 -2.4998
-1.1022 0.24331
1.2566 -3.1355
-1.5767 1.034
1.8728 -4.2562
-0.16571 0.19527
0.78267 -0.73083
0.90672 2.9159
1.6666 -0.92215
1.1217 -4.1716
0.74505 -0.38242
-0.56534 -1.5495
0.24198 0.94381
0.48795 -2.2125
-1.0996 0.4253
-0.87193 -0.83747
-0.69511 1.2702
0.28733 -2.7786
0.36707 1.4668
1.402 -3.0203
-0.64469 -2.3876
-0.22428 -2.8395
-0.14688 1.8462
-1.4929 3.1526
-1.2312 -1.5259
0.17199 2.9884
-0.81077 7.3816
0.7067 -4.3761
0.36243 2.9716
-0.19751 2.606
0.66018 -1.4849
1.6021 -3.0512
-0.4249 4.2741
0.15951 -0.55376
-0.27965 -3.3687
-0.29803 -6.876
-1.617 1.6746
-0.092607 3.9505
1.1553 3.6761
3.4299 1.2951
0.22245 1.8144
0.43455 0.26696
1.3369 -1.1536
2.036 -3.0484
-0.56213 -5.1585
0.62571 -2.1119
0.48033 -5.48
-2.2021 5.1574
0.28531 -0.85568
0.50061 6.2161
-0.71876 -5.1658
0.52456 -0.5562
-0.90309 -1.8215
-1.6626 3.0108
0.21722 -2.1441
-0.21999 -1.2243
-1.8541 3.997
0.22902 0.053105
0.31722 -2.8266
0.75537 -0.85691
-0.50608 0.84703
0.55028 0.67139
2.1676 3.1642
0.76858 1.5811
0.39403 4.5371
0.12762 5.7667
1.1052 -3.6927
0.084909 1.3541
-2.6474 0.48014
0.086201 -2.6613
1.6656 -0.35623
1.0619 2.2994
0.12977 0.78538
-0.35647 -2.008
0.75694 -2.9513
0.70365 2.6465
0.63836 2.198
-1.2343 1.4015
0.52773 4.3283
-0.96602 2.5234
-1.3191 -0.61685
0.30893 1.1332
-1.3996 -2.4313
1.1536 -5.5804
-0.43659 -0.73247
0.041671 -0.66206
1.4231 4.8018
0.31262 2.7399
0.91509 -1.3507
-1.124 -0.63671
-1.0625 1.2747
-1.1216 6.136
-1.8106 -1.6905
0.50515 1.8176
-0.54974 3.5119
-0.41219 0.89316
1.6023 -5.3302
0.40667 -3.9732
-0.353 1.2417
-0.32302 2.8963
-0.72356 -0.22175
0.30302 -2.3791
-0.69056 -2.803
-0.88126 1.3851
0.89501 5.3796
-0.28277 3.5521
0.75595 0.79866
0.31007 0.62474
0.64929 2.6765
-1.1196 -2.5159
0.33031 5.4905
-1.0715 -1.7391
-0.4851 2.0934
-0.26683 -1.2655
0.81282 2.762
0.085522 -4.3091
-0.17821 -0.7522
-0.84365 0.86073
-1.7702 0.22719
0.37806 -2.1373
-1.2137 -1.6087
-0.7017 1.6761
0.13026 5.4485
-0.99976 -0.97949
-0.82676 -1.5078
-0.51127 -5.2659
1.4567 0.55471
-0.76858 0.45607
-0.41864 2.4678
0.45311 6.8201
0.022539 2.066
-1.7371 3.8535
2.4844 -1.9439
0.17488 -0.68043
-0.012199 0.32828
-0.46755 0.73956
0.42762 -2.4041
0.22909 -0.98136
0.70437 2.6298
0.49869 0.34065
0.63735 -3.1493
0.53301 -2.1087
1.9124 -0.41182
-0.94665 6.7073
0.50091 -0.58844
-0.76738 -0.45819
0.4265 -1.8991
0.095003 -0.73211
0.0038869 0.60336
-0.64518 2.5315
-0.6768 4.7323
1.2138 1.1036
0.35897 1.6936
0.18338 6.0643
0.32359 2.2608
-0.34063 0.11274
0.26773 2.701
-0.36238 -0.48705
0.10082 -0.7641
-0.39132 -0.50809
0.17597 3.2648
-0.10747 6.0334
-1.3198 0.97909
0.32792 -1.3733
0.31623 7.6337
-0.050229 1.9166
-0.35212 1.3907
0.089187 2.233
0.14955 2.7462
0.56181 1.4368
-1.5496 3.6193
0.96778 2.4908
0.014491 4.9883
0.37308 3.6726
0.84362 -4.095
-0.27903 2.3476
-1.4105 -4.4485
-0.69172 0.76266
-0.34836 -7.0602
-0.78353 -6.1898
0.594 -0.61576
0.060083 2.5635
-0.66142 0.65355
0.6392 -4.5142
-0.74096 2.5627
0.54604 -5.0996
0.64109 -2.2312
-0.84578 -1.1435
1.0578 -2.0673
1.9712 -2.1391
-0.2911 3.0741
1.2015 0.71005
0.53923 -0.13674
-0.49187 0.15608
2.3182 -1.7046
-0.32437 0.35264
2.411 -1.6319
-1.3339 4.384
-1.0617 5.0846
0.37364 -0.41503
0.44489 0.19865
0.72302 6.183
-1.6217 -2.2652
-0.3527 -3.3916
-1.2878 0.71976
-0.24017 1.0453
0.8653 -6.0765
-0.90802 2.7449
0.54877 -0.075732
1.6673 -4.3991
-0.56418 6.4576
-0.98852 4.4022
0.78819 -4.488
0.4159 2.4342
0.93537 -1.1048
-0.775 0.30977
-1.043 -0.40115
-0.65382 0.53887
0.89705 -2.9218
0.68116 5.3999
-1.6984 0.29533
0.83072 -2.2968
0.813 2.5588
-0.87247 -2.2619
-0.68956 2.8228
0.83489 1.0968
0.97926 0.20973
-0.21131 0.24072
-1.2251 -3.3394
-1.165 2.4538
0.58874 -0.87759
-1.1116 0.99402
0.34138 -0.09637
1.1993 -0.52538
0.30083 0.20969
-0.7783 -0.25219
1.6892 2.4933
-1.5758 -1.8635
1.3542 -2.6053
-0.16457 3.1948
0.25505 -0.40084
0.2419 2.3928
0.11368 -1.1748
0.39401 -0.65782
0.87008 -1.4833
0.37601 -2.2053
-0.023428 0.96987
0.63315 -0.11824
-0.75413 2.0178
-0.81168 -0.87155
-0.15543 2.9551
-0.81888 0.31502
-0.27572 0.51808
-0.25224 2.9163
-0.52723 0.56651
-0.22536 -6.4582
0.80331 -1.5869
0.0082255 0.94425
0.83436 -4.3657
1.2351 4.1342
1.4975 1.7137
-0.41749 -2.3404
1.6278 -1.9907
-0.626 4.5529
-0.20773 -3.1941
1.4354 -1.813
-1.3156 0.14194
-0.074131 -2.4817
0.77471 -2.3561
0.9828 -2.9324
-1.9859 2.6461
-1.5301 5.0908
0.53899 4.5523
-0.22156 -4.9259
-1.6599 -2.0829
2.4104 -2.5973
0.091697 3.2799
0.72872 -1.339
-0.15913 2.8886
-0.037988 1.2282
-0.73789 1.7514
-1.475 -3.7242
0.11679 1.2936
-0.78735 0.17691
-0.029662 0.74791
2.3621 -2.7414
-0.17269 -2.1636
-0.29783 4.3748
-1.8243 -1.2457
1.6418 -1.5926
0.14266 -2.9886
-0.87038 2.9737
-0.10938 -4.1309
-0.65633 3.4982
0.3652 1.0779
0.8314 -1.1905
0.51842 4.9499
0.89969 -1.3943
-0.60908 2.0294
-1.1811 -0.81609
-0.088196 -0.44726
0.68031 -1.9489
0.012133 4.9758
-1.2908 -0.75416
1.1258 2.6918
-0.93354 -0.84556
0.38117 -5.0373
0.76877 -2.5009
-0.39827 -1.4216
0.62164 0.28294
0.22842 -5.3045
0.71475 0.14975
0.68465 4.2086
0.084667 -0.30586
0.44709 1.2496
-0.80814 -2.7185
-0.72856 0.79752
-1.6182 1.3036
1.4818 -0.55323
0.48349 -2.0968
0.059593 3.4992
-0.9511 -3.894
-0.99919 -5.4181
-0.61815 3.1976
-1.0004 -0.45239
-1.2471 -3.4952
-0.70305 2.7758
-1.268 -2.0752
0.68288 1.5831
-1.1914 -4.2944
1.3302 -2.7015
-0.62709 -4.0869
1.0022 2.6847
0.43253 0.16377
0.013367 2.9754
0.58801 -2.5092
0.36066 -0.70125
-0.31613 0.023222
1.7498 0.42156
0.69091 1.8352
0.38066 -7.5413
0.53969 1.0675
0.13314 4.6975
-0.92197 0.84988
0.51086 4.6829
0.53864 -2.0053
-0.67941 0.91665
-2.7914 -1.2545
-0.89694 -0.64446
-0.014643 4.2526
-1.1576 3.0983
0.011079 3.1726
0.00038897 2.7246
0.50911 2.1835
-0.79052 2.6304
-1.0456 4.9615
1.347 0.29168
-1.1164 1.0739
-0.99667 -1.4091
-1.1845 4.2256
1.9223 2.028
0.08655 0.014766
1.0777 2.057
-0.48833 2.0193
-0.10452 -6.7719
-0.1513 -0.1941
0.40428 -1.4379
0.98769 2.0421
1.0249 0.51469
-0.71123 -2.0499
-0.6149 0.15233
0.58057 -3.3405
2.1793 1.375
-0.84793 0.36089
-0.31804 -0.20005
-0.030861 -1.2171
0.93552 -2.3233
-1.9592 0.099501
-0.66482 -0.8564
0.45516 1.2872
-0.36824 -0.54708
-0.20107 -2.4892
-1.1719 -2.5576
-0.51929 5.2104
-0.14149 3.3633
-0.14804 2.5069
-1.2658 5.2648
-0.50696 -2.1765
0.28666 2.6107
-0.012183 -2.2638
1.1615 0.37261
0.17939 1.5301
0.84464 0.10937
2.3667 -5.9135
1.2875 -0.99787
-0.57729 0.91757
-0.8339 1.5608
-0.52229 2.0179
-0.88064 0.70486
1.574 2.1378
0.47461 -1.1744
-0.16152 0.052333
-0.57616 0.40418
0.026042 -2.4809
-0.15728 -0.73871
0.33495 -3.2165
-1.1121 1.1499
1.3663 5.0562
-0.83496 0.91676
-0.54877 -4.6384
-0.75054 -3.3883
1.4294 -2.6883
2.0258 -3.6952
1.1171 4.1878
0.084026 0.84329
-0.043065 1.5352
-0.058819 -2.1473
0.04614 1.4556
-1.8672 -0.57954
-0.85307 0.66481
0.11167 2.0054
-1.3963 0.94394
-0.19825 3.1258
-1.5997 -3.1757
0.097325 2.4564
0.63188 1.5826
-0.13147 5.9178
0.0061089 0.51779
-1.747 -4.0197
0.056987 2.1325
-1.5417 6.8535
0.15631 5.6086
-0.52298 5.8529
0.3569 -0.61999
-2.1129 -1.9042
1.5053 0.74282
-0.92578 -3.5895
-1.0432 -3.4542
-0.4109 4.725
-0.64839 0.071379
-1.1417 3.6031
0.71407 -0.048858
0.94099 -6.1143
0.23718 -4.3573
