12.84 10.088
9.4816 7.5124
13.431 11.814
14.477 11.814
10.127 8.2083
11.955 10.081
12.017 9.4455
14.974 10.391
11.212 9.6383
12.382 8.7879
8.3444 6.7849
16.365 13.349
12.904 9.6661
10.866 10.434
8.9148 8.8703
11.966 10.074
16.415 13.415
10.017 9.1702
11.385 10.795
8.5471 6.5714
13.005 11.178
10.205 8.5655
15.132 12.831
14.227 11.133
11.741 9.4212
15.011 14.219
12.101 10.099
11.551 8.3855
11.201 8.3227
13.616 11.918
13.967 9.579
14.098 13.945
13.601 11.174
11.552 10.679
9.1527 7.9183
13.138 11.932
11.553 10.718
9.7797 10.745
10.44 9.5217
10.178 7.5161
11.392 7.7067
12.185 10.323
10.478 7.0125
11.349 9.5537
12.613 10.609
13.156 10.956
13.653 11.813
7.2857 6.8787
14.77 13.657
12.123 8.9607
7.8633 6.1026
12.636 9.9306
14.088 11.553
12.603 9.5308
13.186 10.11
8.4711 6.7099
9.0049 9.0822
7.4807 6.3467
13.945 10.238
15.988 14.235
10.677 10.721
11.483 11.496
9.05 5.1321
8.2935 7.9273
18.083 17.273
17.899 13.008
9.2917 8.0466
10.102 8.9328
9.8242 7.0117
13.41 7.7521
11.105 8.4888
10.643 9.5594
16.277 9.3291
13.017 11.302
10.32 8.473
6.3858 5.2671
12.695 12.848
9.5335 7.8375
16.253 10.336
9.067 5.353
13.783 10.646
5.1857 4.8172
15.059 10.922
15.672 11.481
8.7297 9.2111
16.766 13.099
6.1521 6.8236
10.307 9.4477
10.79 7.0082
10.112 9.6557
9.9586 7.7457
14.936 10.294
14.162 11.051
12.821 9.2947
11.395 9.165
9.0138 6.7725
12.497 10.546
11.211 8.6068
12.479 12.474
13.573 12.898
11.456 8.8553
11.377 9.1529
13.624 12.594
8.8889 8.8361
10.483 10.696
8.7946 9.3203
15.019 14.064
12.283 10.604
17.873 14.353
10.227 8.0759
14.384 13.66
11.351 7.9431
7.7842 6.0948
9.861 6.6652
9.7741 12.484
16.332 12.461
12.517 9.5587
15.632 10.191
6.6188 7.0716
14.288 10.974
11.592 10.454
13.086 9.7984
14.137 11.934
10.347 10.568
11.147 10.056
6.81 9.0891
12.897 12.144
15.182 14.006
11.904 8.4911
12.915 9.5814
10.435 8.4298
15.958 13.881
12.91 12.291
10.074 9.582
12.006 10.155
13.391 9.4023
8.8861 7.5253
12.787 10.831
13.341 11.496
17.015 13.325
11.186 9.5984
11.958 12.419
9.9505 8.4459
13.219 11.16
11.234 9.6938
11.585 10.44
9.6911 8.7345
13.273 10.5
11.36 10.451
11.636 7.777
8.4032 7.5264
15.312 12.562
13.987 11.439
13.902 11.979
15.972 12.194
12.813 7.5003
10.068 6.941
13.274 12.09
11.019 9.7087
15.021 10.946
14.05 9.9505
10.517 6.8275
10.68 7.0583
10.003 10.105
8.8526 8.7994
14.888 12.272
17.31 12.554
14.565 11.549
4.7446 6.8295
10.611 8.7742
10.75 10.429
16.332 12.171
15.131 11.569
12.954 9.385
8.3108 5.8956
10.151 9.4025
11.002 9.0889
11.938 11.554
10.987 6.9472
13.073 10.128
9.662 9.1105
7.7192 5.3374
7.8486 6.8674
10.061 9.5653
13.727 10.381
12.278 11.359
13.986 12.129
14.567 8.9058
12.382 12.403
9.4208 8.8658
12.604 9.6911
11.423 9.2194
14.571 10.942
10.906 9.1117
11.196 8.2303
11.206 9.4674
13.995 10.811
11.422 8.0123
12.161 9.3622
12.35 10.998
10.71 8.2371
6.1583 5.9334
15.605 10.057
10.447 8.2631
10.941 10.393
8.5134 7.7815
9.504 8.1101
10.919 9.4429
10.79 6.9475
9.4619 7.2396
18.547 11.21
14.695 10.873
14.604 13.35
10.462 10.554
11.268 8.2741
12.007 11.971
13.663 11.734
11.836 12.55
15.65 12.619
16.235 12.514
10.91 8.8223
10.852 6.9879
13.636 11.638
15.667 12.816
18.449 15.958
11.259 8.7908
8.2275 6.7283
7.2939 6.8504
13.001 10.445
11.542 11.169
9.044 10.174
7.8724 7.8182
12.56 8.8223
11.815 10.89
12.116 7.8758
7.6539 7.2204
7.5405 8.0123
10.286 7.0696
12.596 12.843
7.6583 6.5416
19.746 13.454
7.8047 5.9976
11.286 8.9236
14.331 13.153
10.307 8.3344
10.842 9.2163
13.274 10.945
10.74 9.1079
11.825 10.982
12.027 9.0403
10.552 9.9633
5.7887 6.5782
7.6558 5.0933
15.095 11.1
10.176 9.4426
16.058 9.9648
9.971 6.4833
16.967 11.641
12.136 9.8939
18.792 14.997
8.3639 4.1614
12.411 11.18
9.1825 8.17
8.0627 7.0716
8.9083 8.1769
9.7923 9.8229
11.021 10.22
8.5806 10.471
12.676 10.999
12.122 8.7213
13.303 12.696
13.535 10.255
9.9591 9.525
16.63 12.167
12.564 9.7499
6.0569 5.1768
15.071 10.413
8.5561 7.0092
8.9272 8.3269
14.016 13.492
11.449 9.3802
9.6446 9.3293
12.183 9.1713
11.965 7.2483
10.144 7.7597
9.841 9.9381
16.219 12.162
9.4263 7.2442
11.348 10.254
14.687 10.541
15.75 16.199
10.52 8.4755
13.048 12.968
12.577 10.733
15.973 12.784
13.192 10.842
13.912 11.404
10.112 9.9344
14.69 10.083
7.4602 5.4015
9.5464 6.9361
16.192 13.837
15.28 12.689
17.896 12.075
13.932 12.699
10.067 7.8421
17.367 11.166
12.612 9.9339
12.65 10.256
13.567 10.804
11.622 12.089
10.719 9.1881
9.2312 7.7326
10.713 7.9303
11.032 8.3336
13.681 10.984
9.4773 9.9922
10.793 9.448
7.0047 4.552
15.307 11.678
10.674 8.7417
14.454 9.8415
12.026 10.246
10.852 10.652
14.532 10.942
12.681 9.1796
8.6252 6.6364
8.5024 5.0545
10.203 10.04
11.543 10.445
13.702 14.057
9.8165 8.0914
15.958 13.029
8.5332 7.7434
17.521 13.642
13.565 10.845
10.219 10.136
11.104 9.6349
13.164 10.324
9.8458 8.3919
11.944 9.1327
10.419 8.0773
9.5865 8.0625
11.791 9.7544
16.535 15.512
14.194 10.138
9.3154 7.0868
12.874 10.248
9.9327 7.8225
10.709 9.1606
8.9896 7.243
16.348 13.975
14.062 12.379
11.743 10.458
8.9292 7.022
15.169 12.156
13.814 11.876
11.669 11.024
12.834 8.9318
9.3236 8.4945
11.343 10.005
14.503 12.149
11.639 12.388
14.044 11.427
16.36 12.541
8.4964 7.7294
15.068 12.045
11.082 10.003
8.7785 8.8245
14.208 12.48
13.83 11.138
11.788 11.124
14.658 12.825
16.485 13.578
9.6517 8.8205
10.814 7.942
8.8073 4.6889
10.488 9.1977
14.208 12.47
13.204 12.873
9.5234 10.166
12.684 9.4587
10.471 10.597
9.9713 8.4648
16.214 12.987
14.265 11.367
13.047 11.433
6.7961 5.7753
11.475 8.7809
11.728 10.487
10.955 10.335
12.672 10.329
16.852 15.232
5.2486 6.1443
8.4785 7.478
13.425 11.162
8.8351 7.8661
10.666 8.2836
15.113 11.122
12.663 8.9166
10.547 8.5274
12.129 7.4622
9.8282 9.2976
14.602 11.65
7.1071 6.6797
11.988 10.31
9.8242 11.031
11.555 9.031
13.296 9.8694
15.983 11.527
10.929 9.1446
10.607 11.057
14.467 11.552
12.397 8.9902
15.004 12.298
11.053 11.901
5.3578 5.7676
11.972 8.7215
9.7342 10.054
9.0622 9.1575
9.8739 6.9106
15.284 13.688
7.9392 8.3701
10.294 8.1
12.739 11.75
10.524 11.058
11.383 9.672
11.295 9.0442
7.156 5.9863
10.513 8.5931
13.502 10.843
11.556 11.023
14.594 10.389
15.45 12.445
16.239 12.153
13.094 11.474
12.779 9.7009
8.0381 7.3051
10.864 7.6706
13.68 11.111
8.94 7.6344
11.096 9.028
10.667 12.091
15.284 11.389
12.692 11.051
12.39 11.596
16.798 13.189
12.76 9.1224
7.5214 5.5232
14.312 13.958
11.545 9.1515
13.17 13.823
14.625 11.677
11.453 8.484
14.006 12.521
13.07 9.5256
11.168 9.7745
11.214 10.584
5.6208 7.6843
14.56 11.886
9.5442 6.5751
11 11.472
11.084 9.7829
15.022 11.444
14.669 10.741
13.93 10.69
9.8526 9.0836
9.4758 8.7647
14.194 14.186
11.2 10.392
8.9777 8.0623
15.144 12.234
14.178 10.127
11.955 11.278
8.1945 6.9041
7.9784 8.1768
12.876 9.8508
12.389 11.379
10.493 9.0454
16.514 14.806
13.284 11.514
16.179 12.118
11.51 10.86
12.508 9.9025
16.844 15.61
13.383 11.223
11.845 9.8254
13.729 9.8206
13.411 10.329
19.336 12.474
10.346 9.8009
11.464 9.0773
15.604 10.743
14.389 11.412
13.592 10.619
13.213 11.411
8.9898 10.746
10.344 9.0676
12.335 10.018
14.736 12.016
