15.038 -6.8306
13.914 -8.7215
16.975 -7.3557
10.191 -3.3776
16.962 -7.2766
18.275 -6.6529
11.274 -5.9594
13.344 -6.3984
16.787 -7.3116
19.957 -7.5806
15.075 -7.2596
11.737 -4.3165
17.432 -6.7423
16.81 -8.219
12.665 -4.5019
12.381 -5.5313
15.819 -6.3241
13.309 -5.4971
18.812 -8.167
21.073 -8.7715
16.499 -5.7802
14.658 -5.0883
15.294 -7.4356
10.981 -2.8004
6.7261 -1.0337
16.56 -7.0184
16.142 -6.94
15.259 -6.3793
12.567 -5.9109
10.679 -6.1824
12.008 -5.508
14.47 -5.4257
16.163 -7.8985
15.744 -5.7586
17.466 -6.6042
17.496 -6.5965
15.751 -6.7164
15.972 -7.7623
13.939 -4.8353
15.053 -5.4649
15.3 -6.7588
15.847 -7.4267
19.457 -9.2154
14.676 -4.4476
17.631 -7.4159
12.894 -3.6114
14.25 -7.3718
19.291 -9.7841
14.006 -5.2586
16.479 -5.4043
12.475 -3.8882
11.873 -4.8904
16.493 -5.9305
14.694 -7.1191
16.299 -8.926
17.629 -6.6526
19.28 -9.9128
17.25 -7.2254
18.421 -3.0896
13.71 -4.4533
15.907 -6.1762
13.367 -7.1856
13.475 -5.8277
13.682 -7.3573
16.102 -3.1717
15.46 -8.4369
17.535 -8.1513
15.824 -5.642
11.54 -4.4676
12.239 -3.5703
17.736 -6.2827
13.204 -4.8919
10.822 -3.3542
16.81 -5.8378
17.215 -4.5721
14.312 -6.0091
14.58 -8.1459
12.571 -3.8634
13.21 -5.7009
14.986 -5.829
13.417 -6.0264
15.928 -5.6752
15.723 -4.6439
14.462 -6.8896
16.034 -7.1802
13.342 -1.7716
16.467 -5.902
13.608 -4.8472
17.76 -6.2622
11.96 -4.3308
16.813 -6.3757
16.978 -8.0387
15.603 -4.3516
17.779 -8.1538
16.694 -6.1341
17.013 -7.5213
11.321 -3.8307
15.139 -5.6075
19.649 -6.4925
18.44 -9.2714
14.083 -4.2626
11.499 -6.3953
14.803 -7.3928
15.246 -5.732
15.624 -7.665
16.821 -7.5483
17.19 -6.3901
17.119 -7.2969
14.142 -6.1397
13.981 -5.0141
12.98 -2.6853
13.876 -5.6654
13.28 -6.8212
16.981 -4.7962
17.482 -5.9863
13.768 -5.2019
15.569 -7.1333
17.055 -4.4213
17.787 -8.0729
12.948 -4.4255
15.532 -8.2877
14.712 -6.1292
19.353 -7.0954
16.836 -10.026
16.615 -7.1806
21.165 -8.6976
13.645 -5.452
12.876 -5.8982
17.176 -7.3358
12.545 -4.4178
15.198 -5.9522
12.135 -6.1043
13.789 -3.3617
12.26 -2.5515
16.768 -7.0566
16.414 -6.0059
14.106 -4.8013
14.625 -4.9395
13.918 -5.9975
14.606 -4.7172
14.961 -4.2073
14.999 -6.0243
16.133 -7.4157
15.02 -6.6385
19.225 -10.203
17.727 -8.5744
12.857 -5.1478
16.644 -8.2923
12.37 -4.9523
15.534 -4.8602
18.06 -8.07
13.12 -6.3997
12.64 -5.423
10.085 -1.6059
12.822 -7.2236
13.73 -3.8499
11.58 -3.5443
18.202 -6.1045
12.351 -4.9554
13.257 -4.9849
19.541 -6.2107
18.876 -7.3042
15.365 -6.0874
15.663 -7.9653
17.196 -7.1388
15.594 -7.686
17.365 -6.5562
15.057 -7.7493
17.661 -7.0283
12.755 -2.9269
16.76 -8.9744
13.55 -3.5695
16.561 -7.1714
11.17 -5.8575
14.248 -6.8454
15.96 -5.8002
15.811 -5.2523
13.341 -5.482
9.0015 -5.6239
16.719 -6.0468
13.003 -7.0186
13.169 -5.4531
13.413 -4.2535
16.677 -7.242
12.038 -6.9456
10.31 -4.6709
17.159 -6.1629
12.003 -4.1333
10.173 -3.3745
14.308 -4.1203
11.624 -6.9005
16.655 -8.3372
15.84 -5.0869
12.048 -3.3458
12.173 -5.0884
14.896 -5.9887
18.397 -7.9532
14.265 -4.134
12.058 -1.6319
17.086 -7.9989
13.478 -4.577
19.124 -7.7841
8.7102 -5.5596
16.048 -4.77
18.664 -4.8694
10.931 -5.2105
13.305 -4.2386
15.623 -5.8502
15.597 -7.9877
20.382 -7.5611
10.812 -5.3049
16.663 -7.5403
11.79 -4.5681
11.764 -3.4264
15.056 -7.0449
16.124 -7.9335
13.956 -6.7547
17.921 -7.7895
13.832 -6.776
16.581 -8.6885
14.766 -6.4681
16.716 -6.5517
14.8 -7.2792
13.931 -5.9986
12.009 -4.7237
15.073 -7.6456
18.23 -6.3411
15.304 -5.4482
15.81 -6.629
16.499 -7.3691
14.529 -7.2682
12.149 -2.922
13.514 -3.9954
15.885 -6.6657
12.978 -4.5101
14.552 -4.9907
14.797 -4.2893
14.368 -5.2655
18.014 -8.5467
16.378 -5.1402
18.53 -4.6719
15.601 -5.0944
16.802 -6.7722
15.757 -5.6315
19.19 -9.6381
13.978 -3.69
19.219 -7.6178
12.826 -4.8077
16.333 -7.7986
15.395 -3.5538
15.284 -5.4617
18.393 -8.6572
15.914 -6.1884
11.927 -2.8155
20.054 -9.3016
14.216 -4.5852
12.26 -4.0845
18.013 -5.018
18.004 -7.6984
16.591 -7.2953
15.682 -7.6597
13.963 -3.886
11.56 -3.3561
12.755 -6.8412
13.9 -7.2333
14.362 -6.1616
16.562 -8.1569
13.502 -5.1852
18.174 -7.5459
14.603 -6.1706
15.49 -4.7214
12.743 -3.3948
15.2 -6.5874
15.105 -6.5445
14.935 -7.818
16.196 -4.4716
13.98 -4.9211
16.683 -6.267
10.911 -6.229
15.76 -6.3888
13.651 -5.8107
13.021 -3.1498
12.899 -4.9465
16.985 -7.8885
14.835 -5.9042
19.699 -7.7005
13.427 -6.8427
16.061 -6.7387
12.374 -4.573
16.018 -8.3766
17.81 -7.5367
15.444 -6.0213
19.109 -10.437
14.267 -4.4635
13.808 -4.218
14.553 -7.8364
17.724 -5.7967
17.798 -7.1324
17.315 -7.0603
17.071 -7.2228
11.234 -5.3486
14.926 -4.7842
18.03 -7.1172
16.567 -5.7014
15.46 -4.1368
15.641 -6.3203
13.407 -4.5659
14.767 -5.353
13.266 -7.0907
15.549 -8.5261
9.732 -2.658
14.492 -4.83
14.747 -4.0459
13.785 -4.8749
12.141 -4.3306
15.951 -7.5512
13.997 -4.3529
13.423 -4.6546
12.135 -6.0762
15.092 -4.9251
9.9074 -5.2391
15.229 -5.2304
16.802 -3.2075
15.351 -6.4967
18.783 -5.6441
14.677 -5.6982
12.186 -6.0335
15.023 -8.144
13.935 -4.5535
13.951 -6.0172
11.081 -4.314
17.266 -9.1332
15.215 -6.3199
14.111 -6.2134
17.763 -7.6246
16.591 -8.7912
14.695 -8.5336
17.023 -7.4501
18.188 -9.0266
11.313 -4.7061
14.384 -3.803
15.123 -5.0378
14.146 -8.1422
17.547 -9.4903
12.182 -5.6368
14.948 -5.7081
16.373 -7.1726
17.28 -8.1401
18.684 -7.268
11.267 -5.0818
15.766 -4.0113
17.169 -5.8702
13.963 -5.5036
16.085 -5.3836
13.446 -6.5858
12.839 -5.3272
14.089 -5.1336
13.597 -6.3687
14.028 -5.8366
16.124 -8.1177
14.225 -4.2695
13.176 -5.5459
17.728 -7.0057
14.539 -6.3941
15.716 -5.4939
15.598 -7.6708
16.815 -5.7541
13.951 -4.6502
11.704 -3.7104
15.03 -4.8643
14.08 -5.4007
12.675 -7.1859
14.538 -8.7692
17.901 -6.4815
17.089 -5.1359
13.421 -5.5639
13.073 -6.2609
7.3797 -3.7915
16.46 -7.8252
14.642 -6.1311
16.649 -9.0534
13.44 -5.046
12.764 -5.6794
15.209 -6.1931
15.635 -5.3973
15.762 -6.0472
12.529 -5.067
12.88 -6.3577
16.962 -6.1776
18.456 -7.3259
15.393 -6.4792
14.293 -4.3511
15.673 -8.0688
13.55 -5.5089
19.071 -8.2428
14.588 -6.4447
12.796 -5.3741
12.431 -3.3733
14.051 -6.5726
16.422 -5.7273
18.129 -7.6723
14.982 -7.4135
7.8797 -4.9849
15.965 -6.1458
18.509 -6.2895
16.239 -5.3952
14.483 -5.6653
12.36 -3.5188
13.746 -3.9378
15.208 -3.4044
13.879 -6.7418
18.699 -9.0082
11.87 -3.907
16.856 -7.0354
14.703 -5.4183
16.602 -6.795
15.506 -4.9753
15.377 -6.1755
14.954 -5.6555
15.869 -5.9126
13.839 -6.569
16.364 -5.5307
16.185 -5.5309
20.675 -11.121
17.924 -7.6027
17.573 -6.8962
12.183 -4.8101
11.749 -3.3319
14.737 -5.8785
16.391 -5.4279
20.339 -7.1595
15.19 -6.3096
13.821 -5.4631
14.633 -6.9519
15.263 -4.4998
16.442 -4.1844
13.013 -2.7599
14.208 -6.3508
13.559 -4.3891
16.215 -5.4945
17.655 -8.9316
13.998 -2.8286
14.713 -5.7429
9.9525 -3.5929
19.141 -10.535
15.048 -5.7993
15.042 -6.5222
16.581 -5.8782
19.21 -7.8513
12.993 -6.8537
15.709 -5.1013
16.137 -5.6355
16.203 -7.4995
14.018 -6.7685
17.694 -6.7694
12.325 -6.4208
15.904 -7.9152
14.517 -7.6899
15.907 -6.7749
17.96 -6.0709
16.557 -5.5709
13.156 -4.5675
13.64 -4.7816
15.532 -8.3431
16.264 -6.7163
15.005 -7.9689
18.059 -7.6832
13.485 -6.9446
11.544 -5.4548
15.994 -5.927
12.538 -2.9641
17.319 -6.4924
12.747 -4.6106
16.92 -6.8828
14.756 -6.0847
15.039 -3.3668
13.677 -7.2429
16.703 -6.4873
11.546 -3.6348
19.191 -7.6053
8.9215 -3.2338
13.249 -5.8677
17.692 -7.0423
16.839 -8.1328
13.39 -5.5374
18.045 -8.1389
15.331 -6.2868
14.977 -6.436
14.383 -7.2821
13.786 -7.6666
11.193 -4.9203
18.877 -8.4614
18.983 -7.3799
14.393 -7.5549
17.378 -5.6506
18.205 -7.1549
14.555 -4.9795
13.447 -5.656
18.137 -5.3325
14.818 -5.9903
